Case #1: triangle!
32.000 85.000
23.000 74.000
31.000 78.000
CC: 23.692 82.615
triangle!
66.000 51.000
45.000 95.000
31.000 78.000
CC: 54.799 72.665
triangle!
32.000 85.000
31.000 78.000
45.000 95.000
CC: 46.710 79.327
triangle!
0.000 1000000.000
88.000 83.000
1000000.000 -1000000.000
CC: 1500347.075 500173.538
triangle!
1000000.000 -1000000.000
88.000 83.000
100.000 42.000
CC: 1414067.058 413908.273
triangle!
88.000 83.000
66.000 51.000
100.000 42.000
CC: 86.667 60.354
triangle!
66.000 51.000
31.000 78.000
41.000 41.000
CC: 46.920 62.451
triangle!
0.000 1000000.000
45.000 95.000
73.000 92.000
CC: 53625.758 500049.912
triangle!
88.000 83.000
0.000 1000000.000
73.000 92.000
CC: 300068.743 500067.904
triangle!
45.000 95.000
66.000 51.000
73.000 92.000
CC: 56.874 73.656
triangle!
88.000 83.000
73.000 92.000
66.000 51.000
CC: 70.770 71.283
triangle!
-1000000.000 -1000000.000
1000000.000 -1000000.000
95.000 1.000
CC: 0.000 -999998.995
triangle!
1000000.000 -1000000.000
100.000 42.000
95.000 1.000
CC: 891409.487 -108675.084
triangle!
95.000 24.000
95.000 1.000
100.000 42.000
CC: 171.300 12.500
triangle!
95.000 1.000
95.000 24.000
71.000 21.000
CC: 84.250 12.500
triangle!
-1000000.000 -1000000.000
95.000 1.000
27.000 16.000
CC: -180671.201 -819310.811
triangle!
95.000 1.000
71.000 21.000
27.000 16.000
CC: 53.830 -24.004
triangle!
71.000 21.000
41.000 41.000
27.000 16.000
CC: 48.806 20.209
triangle!
45.000 95.000
0.000 1000000.000
9.000 81.000
CC: -194398.292 500038.750
triangle!
0.000 1000000.000
-1000000.000 -1000000.000
9.000 81.000
CC: -1500053.997 500026.998
triangle!
8.000 68.000
9.000 81.000
-1000000.000 -1000000.000
CC: -1083411.503 83414.500
triangle!
45.000 95.000
9.000 81.000
32.000 85.000
CC: 13.669 122.281
triangle!
8.000 68.000
23.000 74.000
9.000 81.000
CC: 14.278 74.056
triangle!
32.000 85.000
9.000 81.000
23.000 74.000
CC: 20.048 85.597
triangle!
8.000 68.000
-1000000.000 -1000000.000
8.000 57.000
CC: -1000054.501 62.500
triangle!
-1000000.000 -1000000.000
11.000 37.000
8.000 57.000
CC: -869592.334 -130393.275
triangle!
11.000 37.000
41.000 41.000
8.000 57.000
CC: 24.631 49.270
triangle!
8.000 57.000
41.000 41.000
24.000 71.000
CC: 26.149 52.401
triangle!
23.000 74.000
8.000 68.000
24.000 71.000
CC: 15.912 69.971
triangle!
8.000 57.000
24.000 71.000
8.000 68.000
CC: 17.312 62.500
triangle!
41.000 41.000
31.000 78.000
24.000 71.000
CC: 41.117 60.883
triangle!
23.000 74.000
24.000 71.000
31.000 78.000
CC: 28.000 74.000
triangle!
41.000 41.000
71.000 21.000
65.000 45.000
CC: 55.200 29.800
triangle!
66.000 51.000
41.000 41.000
65.000 45.000
CC: 51.786 50.286
triangle!
66.000 51.000
65.000 45.000
100.000 42.000
CC: 82.641 45.143
triangle!
71.000 21.000
95.000 24.000
65.000 45.000
CC: 81.273 36.318
triangle!
100.000 42.000
65.000 45.000
95.000 24.000
CC: 81.970 37.314
triangle!
11.000 37.000
-1000000.000 -1000000.000
14.000 25.000
CC: -800009.340 -199974.460
triangle!
-1000000.000 -1000000.000
27.000 16.000
14.000 25.000
CC: -409078.795 -590900.705
triangle!
27.000 16.000
41.000 41.000
14.000 25.000
CC: 28.263 31.713
triangle!
11.000 37.000
14.000 25.000
41.000 41.000
CC: 26.597 34.524
!!!! 7 (46.710 79.327)
!!!! 3 (55.500 73.000)
!!!! 16 (56.874 73.656)
!!!! 17 (69.500 71.500)
!!!! 20 (70.770 71.283)
!!!! 9 (77.000 67.000)
!!!! 10 (86.667 60.354)
!!!! 11 (83.000 46.500)
!!!! 59 (82.641 45.143)
61.476