1: 0.04981 0.04981 1.00000
2: 0.04736 0.04496 0.94932
3: 0.04506 0.04038 0.89614
4: 0.04414 0.03771 0.85433
5: 0.04212 0.03410 0.80959
6: 0.04145 0.03141 0.75778
7: 0.04005 0.02819 0.70387
8: 0.03807 0.02542 0.66772
9: 0.03548 0.02288 0.64487
10: 0.03359 0.02058 0.61268
11: 0.03238 0.01795 0.55435
12: 0.03062 0.01647 0.53788
13: 0.02997 0.01471 0.49082
14: 0.02781 0.01310 0.47105
15: 0.02649 0.01183 0.44658
16: 0.02575 0.01047 0.40660
17: 0.02445 0.00938 0.38364
18: 0.02317 0.00891 0.38455
19: 0.02163 0.00757 0.34998
20: 0.02027 0.00654 0.32264
21: 0.01998 0.00590 0.29530
22: 0.01807 0.00491 0.27172
23: 0.01745 0.00420 0.24069
24: 0.01772 0.00393 0.22178
25: 0.01663 0.00372 0.22369
26: 0.01565 0.00287 0.18339
27: 0.01466 0.00288 0.19645
28: 0.01348 0.00232 0.17211
29: 0.01306 0.00210 0.16080
30: 0.01281 0.00211 0.16472
31: 0.01149 0.00185 0.16101
32: 0.01093 0.00154 0.14090
33: 0.00964 0.00118 0.12241
34: 0.00966 0.00092 0.09524
35: 0.00850 0.00097 0.11412
36: 0.00867 0.00084 0.09689
37: 0.00841 0.00070 0.08323
38: 0.00732 0.00058 0.07923
39: 0.00688 0.00044 0.06395
40: 0.00712 0.00045 0.06320
41: 0.00585 0.00033 0.05641
42: 0.00533 0.00032 0.06004
43: 0.00529 0.00032 0.06049
44: 0.00504 0.00024 0.04762
45: 0.00442 0.00020 0.04525
46: 0.00453 0.00015 0.03311
47: 0.00350 0.00013 0.03714
48: 0.00353 0.00009 0.02550
49: 0.00325 0.00008 0.02462
50: 0.00322 0.00007 0.02174
51: 0.00311 0.00009 0.02894
52: 0.00247 0.00005 0.02024
53: 0.00250 0.00005 0.02000
54: 0.00222 0.00001 0.00450
55: 0.00171 0.00002 0.01170
56: 0.00199 0.00001 0.00503
57: 0.00150 0.00001 0.00667
58: 0.00140 0.00001 0.00714