1
7
8
13
1
104
105
181
2
3
5
7
2
14
16
26
3
21
24
39
3
312
315
543
4
6
10
14
4
28
32
52
5
35
40
65
5
520
525
905
6
9
15
21
6
42
48
78
7
49
56
91
7
728
735
1267
8
12
20
28
8
56
64
104
9
63
72
117
9
936
945
1629
10
15
25
35
10
70
80
130
11
5
16
19
11
40
51
79
12
18
30
42
12
84
96
156
13
11
24
31
13
32
45
67
14
21
35
49
14
98
112
182
15
105
120
195
15
1560
1575
2715
16
24
40
56
16
112
128
208
17
119
136
221
17
1768
1785
3077
18
27
45
63
18
126
144
234
19
133
152
247
19
1976
1995
3439
20
30
50
70
20
140
160
260
21
147
168
273
21
2184
2205
3801
22
10
32
38
22
13
35
43
23
16
39
49
23
65
88
133
24
36
60
84
24
168
192
312
25
175
200
325
25
2600
2625
4525
26
7
33
37
26
22
48
62
27
189
216
351
27
2808
2835
4887
28
42
70
98
28
196
224
364
29
203
232
377
29
3016
3045
5249
30
45
75
105
30
210
240
390
31
217
248
403
31
3224
3255
5611
32
48
80
112
32
224
256
416
33
15
48
57
33
120
153
237
34
51
85
119
34
238
272
442
35
245
280
455
35
3640
3675
6335
36
54
90
126
36
252
288
468
37
40
77
103
37
75
112
163
38
57
95
133
38
266
304
494
39
33
72
93
39
96
135
201
40
60
100
140
40
280
320
520
41
287
328
533
41
4264
4305
7421
42
63
105
147
42
294
336
546
43
301
344
559
43
4472
4515
7783
44
20
64
76
44
26
70
86
45
315
360
585
45
4680
4725
8145
46
17
63
73
46
32
78
98
47
9
56
61
47
240
287
457
48
72
120
168
48
336
384
624
49
343
392
637
49
5096
5145
8869
50
75
125
175
50
350
400
650
51
357
408
663
51
5304
5355
9231
52
14
66
74
52
44
96
124
53
371
424
689
53
5512
5565
9593
54
81
135
189
54
378
432
702
55
25
80
95
55
200
255
395
56
84
140
196
56
392
448
728
57
399
456
741
57
5928
5985
10317
58
87
145
203
58
406
464
754
59
56
115
151
59
133
192
283
60
90
150
210
60
420
480
780
61
19
80
91
61
264
325
511
62
93
155
217
62
434
496
806
63
441
504
819
63
6552
6615
11403
64
96
160
224
64
448
512
832
65
55
120
155
65
160
225
335
66
30
96
114
66
39
105
129
67
469
536
871
67
6968
7035
12127
68
102
170
238
68
476
544
884
69
48
117
147
69
195
264
399
70
105
175
245
70
490
560
910
71
24
95
109
71
297
368
577
72
108
180
252
72
504
576
936
73
87
160
217
73
136
209
301
74
11
85
91
74
80
154
206
75
525
600
975
75
7800
7875
13575
76
114
190
266
76
532
608
988
77
35
112
133
77
280
357
553
78
21
99
111
78
66
144
186
79
553
632
1027
79
8216
8295
14299
80
120
200
280
80
560
640
1040
81
567
648
1053
81
8424
8505
14661
82
123
205
287
82
574
656
1066
83
85
168
223
83
176
259
379
84
126
210
294
84
588
672
1092
85
595
680
1105
85
8840
8925
15385
86
129
215
301
86
602
688
1118
87
609
696
1131
87
9048
9135
15747
88
40
128
152
88
52
140
172
89
623
712
1157
89
9256
9345
16109
90
135
225
315
90
630
720
1170
91
77
168
217
91
224
315
469
92
34
126
146
92
64
156
196
93
651
744
1209
93
9672
9765
16833
94
18
112
122
94
93
187
247
95
665
760
1235
95
9880
9975
17195
96
144
240
336
96
672
768
1248
97
23
120
133
97
464
561
889
98
147
245
343
98
686
784
1274
99
45
144
171
99
360
459
711
100
150
250
350
100
700
800
1300
