100
117 0 0
-569 0 0
-168 0 0
-271 0 0
-464 0 0
-536 0 0
-880 0 0
318 0 0
-903 0 0
-564 0 0
480 0 0
921 0 0
481 0 0
979 0 0
163 0 0
-530 0 0
768 0 0
788 0 0
-136 0 0
-182 0 0
-276 0 0
287 0 0
868 0 0
-890 0 0
152 0 0
-169 0 0
-451 0 0
-899 0 0
-556 0 0
-344 0 0
313 0 0
457 0 0
320 0 0
-606 0 0
-25 0 0
693 0 0
337 0 0
779 0 0
-925 0 0
-757 0 0
575 0 0
-748 0 0
240 0 0
-691 0 0
-553 0 0
-552 0 0
-778 0 0
-726 0 0
-795 0 0
-578 0 0
624 0 0
-96 0 0
-112 0 0
577 0 0
688 0 0
390 0 0
-157 0 0
-999 0 0
658 0 0
-57 0 0
-607 0 0
696 0 0
-431 0 0
-463 0 0
286 0 0
54 0 0
-216 0 0
-504 0 0
971 0 0
-792 0 0
-171 0 0
-529 0 0
-793 0 0
497 0 0
-589 0 0
-759 0 0
113 0 0
720 0 0
93 0 0
-796 0 0
617 0 0
716 0 0
-436 0 0
328 0 0
-73 0 0
-942 0 0
522 0 0
247 0 0
796 0 0
620 0 0
403 0 0
407 0 0
-77 0 0
623 0 0
-805 0 0
610 0 0
832 0 0
862 0 0
314 0 0
704 0 0
-371 0 0
937 0 0
90 0 0
873 0 0
-445 0 0
273 0 0
-248 0 0
-928 0 0
-69 0 0
438 0 0
907 0 0
683 0 0
-893 0 0
-41 0 0
-899 0 0
-887 0 0
67 0 0
-980 0 0
-918 0 0
387 0 0
382 0 0
474 0 0
-945 0 0
931 0 0
-477 0 0
-151 0 0
-71 0 0
-211 0 0
234 0 0
-487 0 0
720 0 0
902 0 0
-988 0 0
638 0 0
-127 0 0
-999 0 0
-755 0 0
-671 0 0
-942 0 0
-288 0 0
499 0 0
464 0 0
966 0 0
656 0 0
-991 0 0
486 0 0
-982 0 0
791 0 0
-117 0 0
-278 0 0
-620 0 0
-432 0 0
157 0 0
567 0 0
-948 0 0
-793 0 0
925 0 0
532 0 0
-89 0 0
384 0 0
127 0 0
-306 0 0
-518 0 0
519 0 0
873 0 0
-5 0 0
871 0 0
-451 0 0
751 0 0
-768 0 0
-803 0 0
-115 0 0
656 0 0
278 0 0
-68 0 0
-981 0 0
-796 0 0
-226 0 0
-772 0 0
96 0 0
-354 0 0
-859 0 0
-559 0 0
77 0 0
450 0 0
700 0 0
188 0 0
578 0 0
-575 0 0
5 0 0
95 0 0
477 0 0
745 0 0
404 0 0
259 0 0
-864 0 0
-116 0 0
324 0 0
897 0 0
488 0 0
634 0 0
-830 0 0
160 0 0
907 0 0
602 0 0
-971 0 0
-726 0 0
570 0 0
669 0 0
-439 0 0
-124 0 0
563 0 0
-704 0 0
969 0 0
-216 0 0
-751 0 0
21 0 0
-541 0 0
354 0 0
-233 0 0
-598 0 0
913 0 0
827 0 0
-204 0 0
-289 0 0
435 0 0
-114 0 0
712 0 0
-371 0 0
-532 0 0
672 0 0
-913 0 0
-270 0 0
745 0 0
-281 0 0
935 0 0
592 0 0
-887 0 0
377 0 0
-3 0 0
-620 0 0
118 0 0
-186 0 0
-560 0 0
885 0 0
39 0 0
542 0 0
-624 0 0
-5 0 0
1000 0 0
327 0 0
-343 0 0
474 0 0
-658 0 0
-915 0 0
-718 0 0
-803 0 0
829 0 0
852 0 0
440 0 0
-109 0 0
421 0 0
416 0 0
-402 0 0
509 0 0
-7 0 0
-19 0 0
729 0 0
-94 0 0
-985 0 0
-246 0 0
-61 0 0
38 0 0
99 0 0
-598 0 0
930 0 0
412 0 0
337 0 0
648 0 0
-65 0 0
827 0 0
-500 0 0
-742 0 0
-435 0 0
-327 0 0
735 0 0
-120 0 0
22 0 0
951 0 0
-201 0 0
-753 0 0
-877 0 0
-44 0 0
-683 0 0
-730 0 0
337 0 0
638 0 0
-104 0 0
-633 0 0
999 0 0
